Accuracy: 0.4006216426230616
F1 score(macro): 0.17849245885868734
Precision(macro): 0.19231155214797974
